gsurf = 980.665;
re    = 6356.77;

sav = [1.0, 1.0, 1.0, 1.0, 1.0, 1.0, 1.0, 1.0, 1.0, 1.0, 1.0,...
	1.0, 1.0, 1.0, 1.0, 1.0, 1.0, 1.0, 1.0, 1.0, 1.0, 1.0, 1.0, 1.0, 1.0];

% CSW
sw = [1.0, 1.0, 1.0, 1.0, 1.0, 1.0, 1.0, 1.0, 1.0, 1.0, 1.0,...
	1.0, 1.0, 1.0, 1.0, 1.0, 1.0, 1.0, 1.0, 1.0, 1.0, 1.0, 1.0, 1.0, 1.0];
swc = [1.0, 1.0, 1.0, 1.0, 1.0, 1.0, 1.0, 1.0, 1.0, 1.0, 1.0,...
	1.0, 1.0, 1.0, 1.0, 1.0, 1.0, 1.0, 1.0, 1.0, 1.0, 1.0, 1.0, 1.0, 1.0];

pt = [ ...
	% pt1[50] =
	 0.996040e+00, 0.385528e-01, 0.303445e-02,-0.105531e+00,-0.607134e-02,...
	-0.516278e-03,-0.115622e+00, 0.202240e-02, 0.990156e-02,-0.127371e+00,...
	-0.302449e-01, 0.123512e-01,-0.526277e-02,-0.845398e+01, 0.000000e+00,...
	 0.142370e-01, 0.000000e+00, 0.125818e+03, 0.805486e-02, 0.164419e-02,...
	-0.621452e-05, 0.311701e-02, 0.000000e+00, 0.386578e-02, 0.132397e+00,...
	 0.213315e+00, 0.000000e+00, 0.000000e+00, 0.000000e+00,-0.641110e-05,...
	 0.000000e+00, 0.300150e+02, 0.533297e-02, 0.389146e-02, 0.204725e-02,...
	 0.000000e+00, 0.000000e+00,-0.192645e-01, 0.275905e+01, 0.147284e-02,...
	 0.341345e-03,-0.117388e-02,-0.354589e-03, 0.113139e+00, 0.169134e+00,...
	 0.508295e-02, 0.365016e-04, 0.426385e-02, 0.115102e-03, 0.511819e-02,...% pt2[50] =
	 0.609108e-02, 0.404995e-04, 0.153049e-02, 0.241470e-04, 0.230764e-02,...
	 0.155267e-02, 0.133722e-02,-0.182318e-02,-0.263007e+03, 0.000000e+00,...
	 0.137337e-02, 0.995774e-03, 0.000000e+00,-0.108983e+03, 0.562606e-02,...
	 0.594053e-02, 0.109358e-02, 0.000000e+00,-0.133410e-01,-0.243409e-01,...
	-0.135688e-01, 0.311370e+05, 0.000000e+00, 0.000000e+00, 0.000000e+00,...
	-0.283023e+04, 0.845583e-03, 0.538706e-03, 0.000000e+00, 0.247956e+03,...
	 0.292246e-02, 0.000000e+00, 0.000000e+00, 0.747703e-04, 0.887993e-03,...
	 0.000000e+00, 0.000000e+00, 0.000000e+00, 0.000000e+00, 0.000000e+00,...
	-0.116540e-01,-0.449173e-02,-0.353189e-03,-0.173933e-03,-0.153218e-03,...
	-0.565411e+00, 0.777272e-02,-0.911784e+02, 0.645187e-03, 0.000000e+00,...% pt3[50] =
	-0.837685e-03, 0.242318e-02, 0.473796e-02,-0.301801e-02,-0.423564e-02,...
	-0.248289e-02, 0.919286e-03, 0.216372e-02, 0.863968e-03, 0.189689e-02,...
	 0.415654e-02, 0.000000e+00, 0.118068e-01, 0.331190e-02, 0.000000e+00,...
	 0.120222e-02, 0.000000e+00, 0.000000e+00,-0.307246e+01, 0.000000e+00,...
	 0.000000e+00, 0.672403e-03, 0.108930e-02, 0.972278e-03, 0.468242e+01,...
	-0.315034e-03, 0.400059e-02, 0.515036e-02, 0.162989e-02, 0.108824e-02,...
	 0.995261e-03, 0.418955e+01,-0.364059e+00, 0.170182e-02, 0.000000e+00,...
	 0.000000e+00,-0.320120e+01, 0.000000e+00, 0.580206e-02, 0.000000e+00,...
	 0.000000e+00, 0.000000e+00, 0.000000e+00, 0.000000e+00, 0.000000e+00,...
	 0.000000e+00, 0.000000e+00, 0.000000e+00, 0.000000e+00, 0.000000e+00];
pd = [...
	% pa1[50] =
	 0.104934e+01,-0.288362e-01,-0.207095e+00,-0.103314e+00,-0.702373e-02,...
	 0.129664e-01, 0.408853e+00,-0.919895e-02,-0.188660e-01, 0.140927e+01,...
	 0.175033e+00, 0.187351e-01, 0.110979e+00,-0.742871e+01, 0.000000e+00,...
	 0.267143e+00,-0.595979e-01, 0.105038e+03,-0.840963e-01,-0.697632e-03,...
	 0.206521e-05, 0.765306e-03, 0.000000e+00, 0.000000e+00, 0.126762e+00,...
	 0.128876e+00,-0.504479e-01,-0.130735e-01,-0.224348e-01, 0.000000e+00,...
	 0.000000e+00,-0.150832e+03,-0.629928e-02, 0.000000e+00,-0.407760e-02,...
	 0.000000e+00, 0.000000e+00, 0.525725e-01,-0.311486e+02,-0.313351e-02,...
	 0.275838e-02, 0.000000e+00, 0.000000e+00, 0.111247e+00, 0.108815e+00,...
	-0.466713e-01, 0.000000e+00,-0.329329e-02, 0.000000e+00, 0.167838e-02,...% pa2[50] =	
	-0.916691e-02, 0.345044e-04,-0.971806e-02, 0.000000e+00,-0.204672e-02,...
	-0.786899e-02,-0.798285e-02, 0.536515e-02,-0.531172e+04, 0.000000e+00,...
	-0.642781e-02,-0.171690e-02, 0.000000e+00,-0.679131e+02,-0.179912e-01,...
	-0.158305e-01,-0.712313e-02, 0.000000e+00, 0.253477e-01, 0.852960e-01,...
	 0.102163e+00, 0.295009e+05, 0.000000e+00, 0.000000e+00, 0.000000e+00,...
	-0.684625e+04,-0.619098e-02,-0.269289e-02, 0.000000e+00,-0.520231e+03,...
	-0.633463e-02, 0.000000e+00, 0.000000e+00,-0.602428e-02,-0.407077e-02,...
	 0.542264e-02, 0.000000e+00, 0.000000e+00, 0.000000e+00, 0.000000e+00,...
	 0.407560e-01, 0.282288e-01, 0.908088e-02, 0.000000e+00, 0.000000e+00,...
	-0.405204e+00,-0.597931e-01,-0.731823e+02,-0.206620e-02, 0.000000e+00,...% pa3[50] =
	-0.372723e-02,-0.188146e-01,-0.101794e-01, 0.804633e-02, 0.101090e-01,...
	 0.873253e-02, 0.238268e-01, 0.480444e-02, 0.171088e-02, 0.396369e-01,...
	-0.213809e-01, 0.000000e+00,-0.102588e+00,-0.591702e-02, 0.000000e+00,...
	 0.270923e-02, 0.000000e+00, 0.000000e+00,-0.175043e+03, 0.603489e+00,...
	-0.617589e+00, 0.838098e-02, 0.183871e-02,-0.705329e-03,-0.406644e+01,...
	-0.509347e-02,-0.284344e-01,-0.124160e-01, 0.133665e-01, 0.393410e-02,...
	-0.503723e-03,-0.457683e+01,-0.529542e+00,-0.425812e-02, 0.000000e+00,...
	 0.000000e+00, 0.191541e+02, 0.000000e+00, 0.323247e-02, 0.000000e+00,...
	 0.000000e+00, 0.000000e+00, 0.000000e+00, 0.000000e+00, 0.000000e+00,...
	 0.000000e+00, 0.000000e+00, 0.000000e+00, 0.000000e+00, 0.000000e+00;   % pb1[50] =
	 0.931113e+00,-0.138721e+00,-0.133457e+00,-0.529542e-01,-0.444983e-02,...
	 0.135264e-01, 0.598075e-01,-0.362880e-01,-0.312798e-01, 0.372068e+00,...
	 0.295974e-01, 0.120509e-01, 0.521995e-01,-0.778888e+01, 0.000000e+00,...
	 0.118634e+00,-0.204495e-01, 0.103280e+03, 0.982432e-01, 0.477694e-03,...
	 0.000000e+00, 0.274372e-02, 0.000000e+00, 0.000000e+00, 0.757809e-01,...
	 0.171403e+00,-0.105205e-01, 0.000000e+00, 0.000000e+00, 0.000000e+00,...
	 0.000000e+00,-0.873348e+01,-0.581094e-02, 0.000000e+00,-0.814944e-02,...
	 0.000000e+00, 0.000000e+00, 0.517255e-01,-0.153028e+02,-0.348932e-02,...
	 0.961771e-03, 0.557732e-02,-0.454180e-03, 0.988213e-01, 0.940456e-01,...
	-0.318797e-01, 0.000000e+00, 0.000000e+00, 0.000000e+00, 0.232122e-02,...% pb2[50] =
	-0.600220e-02, 0.277654e-04,-0.322019e-02, 0.000000e+00,-0.378551e-02,...
	-0.334809e-02,-0.170668e-02, 0.000000e+00, 0.636184e+04, 0.000000e+00,...
	 0.159986e-02,-0.388204e-02,-0.164825e-02,-0.747955e+02,-0.105360e-01,...
	-0.945723e-02,-0.159824e-02,-0.706730e-03,-0.168513e-01,-0.113023e+00,...
	-0.636637e-01,-0.137709e+05, 0.000000e+00, 0.000000e+00, 0.000000e+00,...
	-0.152368e+05,-0.586061e-02,-0.253108e-02, 0.000000e+00,-0.254837e+04,...
	-0.328988e-02, 0.000000e+00, 0.000000e+00,-0.276364e-02, 0.967923e-02,...
	 0.000000e+00, 0.000000e+00, 0.000000e+00, 0.000000e+00, 0.000000e+00,...
	 0.434255e-01, 0.114020e-01,-0.618447e-02, 0.000000e+00, 0.000000e+00,...
	-0.302568e+00,-0.327694e-01,-0.671589e+02,-0.228340e-02, 0.000000e+00,...% pb3[50] =
	 0.306230e-02,-0.465113e-02,-0.973421e-02, 0.128326e-01, 0.788553e-02,...
	 0.797197e-02,-0.120760e-01,-0.767547e-02,-0.120755e-02,-0.298523e-01,...
	-0.126560e-01, 0.000000e+00,-0.568350e-01,-0.153039e-01, 0.000000e+00,...
	 0.000000e+00, 0.000000e+00, 0.000000e+00, 0.000000e+00, 0.000000e+00,...
	 0.000000e+00, 0.242911e-02,-0.401347e-02,-0.219074e-02, 0.311281e+01,...
	 0.323251e-02,-0.639523e-02,-0.663069e-02,-0.304403e-03,-0.401920e-02,...
	-0.118708e-02, 0.415211e+01,-0.201896e+00, 0.000000e+00, 0.000000e+00,...
	 0.000000e+00, 0.000000e+00, 0.000000e+00, 0.000000e+00, 0.000000e+00,...
	 0.000000e+00, 0.000000e+00, 0.000000e+00, 0.000000e+00, 0.000000e+00,...
	 0.000000e+00, 0.000000e+00, 0.000000e+00, 0.000000e+00, 0.000000e+00;   % pc1[50] =
	 0.106903e+01, 0.377113e-03, 0.000000e+00, 0.000000e+00, 0.000000e+00,...
	 0.898481e-01,-0.236325e+02, 0.208180e-01, 0.139638e+03,-0.119444e+00,...
	-0.845398e+01,-0.399776e-05, 0.000000e+00, 0.366210e-02,-0.178929e-02,...
	 0.190412e-01,-0.392257e-01, 0.632343e-02, 0.548144e-02, 0.000000e+00,...
	 0.000000e+00, 0.000000e+00, 0.000000e+00, 0.000000e+00,-0.243022e-02,...
	 0.976619e+00, 0.568478e-03, 0.582026e-02, 0.000000e+00, 0.621998e-02,...
	 0.000000e+00, 0.000000e+00, 0.107674e-01, 0.893820e+02,-0.192414e-01,...
	-0.845398e+01, 0.000000e+00, 0.000000e+00,-0.200200e-01,-0.195833e-02,...
